22.0000000 8.4852810 8.4852810 0.0000000
21.0000000 8.4852810 8.4852810 0.0000000
20.0000000 8.4852810 8.4852810 0.0000000
19.0000000 8.4852810 8.4852810 0.0000000
18.0000000 8.4852810 8.4852810 0.0000000
17.0000000 24.0416298 8.4852810 0.0000000
16.0695095 39.1667824 9.3327971 7.5000000
15.5718327 34.5690956 12.1416607 15.0000000
15.2304478 32.1688004 15.2886753 11.0000000
14.9148779 30.6449165 13.7926893 8.5000000
14.7679529 29.4118824 12.5582962 8.5000000
14.8192997 28.4250622 11.5429811 8.5000000
15.1189919 27.6545963 10.7175322 8.5000000
15.7509661 20.6526299 10.0629301 8.5000000
15.9030313 17.0252552 9.4957647 5.0000000
15.7978449 16.5422955 8.9639568 3.5000000
28.7941494 16.1046867 8.4727411 3.5000000
27.1417789 15.6914835 8.0215654 3.5000000
25.5098896 15.0257015 7.6251783 4.0000000
24.0438995 14.6583443 7.2605376 3.5000000
22.6509628 14.2906332 6.9365911 3.5000000
21.3228741 13.9216013 6.6543007 3.5000000
20.0524025 13.5504837 6.4150662 3.5000000
18.8331280 13.1766386 6.2208004 3.5000000
17.6593018 12.7994862 6.0739927 3.5000000
16.5257607 12.4184904 5.9778037 3.5000000
15.4399252 12.1264734 25.4942875 3.0000000
14.6272535 13.6669502 26.3696785 -6.0000000
13.8748589 15.2137613 27.6270809 -6.0000000
13.1784697 13.6332407 29.4444237 -6.0000000
12.6386299 12.1636438 33.6882973 -7.5000000
12.5053530 10.8102188 32.1106339 -11.0000000
12.6498613 9.7645922 30.9464283 -11.0000000
13.1691246 8.9751368 30.2091465 -11.0000000
14.2523460 8.4131889 22.6981182 -11.0000000
15.0117464 7.9604392 17.6314011 -7.0000000
15.3765583 7.5407519 16.3482609 -4.5000000
15.9756231 7.1767235 15.3454418 -4.5000000
16.6603794 6.8522143 14.7139015 -4.0000000
17.6877556 6.5770011 14.1382885 -4.0000000
19.2160835 6.3530207 13.6013021 -4.0000000
21.0423298 6.1616578 13.2214079 -3.5000000
22.7637291 6.0178657 12.8390312 -3.5000000
21.5918503 5.9248528 12.4534721 -3.5000000
20.4642696 5.8866487 12.0640821 -3.5000000
19.3867474 5.8798966 11.7528677 -3.0000000
18.3361320 5.9262395 11.4284153 -3.0000000
17.3096390 6.0307465 11.0915136 -3.0000000
16.3039265 6.1633239 10.8049803 -2.5000000
15.3115721 6.3515797 10.5035906 -2.5000000
14.3259182 6.5583272 10.2411728 -2.0000000
13.3465624 6.8153753 9.9643326 -2.0000000
12.3652449 7.0770555 9.7200508 -1.5000000
